3.141 2.7172 4.567 1.234
2.7172 4.567 1.234 9.8165
7672 1671 7642 294
2513 8857 3842 24710
188 19701 3320 173
4419 1685 17299 29787
3504 15210 11310 5474
22708 10565 6066 15533
12525 12834 2432 13035
28812 149 28409 12605
12613 22917 21869 31751
15920 20105 15177 26077
7443 20843 23708 9741
15732 18921 5878 930
12572 18867 11881 9562
15693 12764 8830 404
21929 30708 16098 2247
20606 337 1654 17204
6572 30305 24077 10858
11188 20886 26293 31882
19245 31484 14406 5290
12646 22353 9881 6692
19258 22406 20834 32063
21178 26088 31618 10791
30153 27671 23697 25644
4587 5074 32623 25646
12818 18838 19530 11293
24849 23075 14111 23969
5163 10443 12247 24550
8637 7330 2343 26225
7570 29555 6485 19709
1435 16658 17626 24973
11794 16526 19567 5602
16813 1308 31032 23684
26981 61 13552 7064
7231 10505 19538 14664
11114 23090 13890 14137
250 23135 11132 696
1940 1697 26014 2870
3500 10116 1608 30398
22766 938 16759 3423
31654 2809 1393 20468
16184 5323 16394 23908
25345 4329 17718 32710
24005 15443 4507 3096
14217 6469 12340 20138
8991 28133 2704 6873
15412 14634 11493 30287
26333 30543 9279 12129
6792 30992 8099 1908
29876 29022 30218 17493
17993 31579 13604 2312
4815 4316 26513 7932
16556 5060 16790 26050
19882 25972 21928 9820
49 17245 16151 6040
8607 27365 888 19371
28435 27989 30040 5632
31887 20634 18545 6087
14345 23708 7188 9323
1234 7688 12979 2716
11164 20384 8345 15746
12890 16984 13574 18776
27311 12624 3891 288
28649 25221 9408 24633
27535 3287 14165 26847
10185 11369 17411 20883
17615 9258 31680 31838
15046 12658 18106 1118
29120 13763 6569 10594
5150 26682 25065 15650
6032 7639 16393 17605
7613 4303 7003 7975
26560 11464 1217 12626
11664 20771 23568 21010
21783 1274 22946 23384
9418 229 23027 6766
11935 27234 26421 26831
30558 29773 6182 28640
5010 24618 29667 24626
3561 24622 1935 32039
11772 12713 20031 8567
10878 25397 25976 23790
11507 12105 32490 14819
6266 30052 7693 28758
13994 29434 3691 13975
31606 2132 17970 10556
10584 24730 10860 14938
31481 7282 15024 32049
21435 11723 3368 26137
9079 2617 16336 29431
18988 10004 20890 31551
32092 14303 10804 27378
27683 1712 9413 2437
5837 11016 18786 20303
19975 23942 17515 24654
13553 26561 21106 23804
12774 4661 4890 11983
15457 9806 29637 7159
270 26988 15500 18990
10174 18409 12347 8205
28307 4386 31580 5107
26438 20796 25565 29507
17677 26468 29859 4071
4281 7974 11733 7522
6692 20010 11553 2313
24270 23588 25706 29482
24925 20226 11928 4957
23311 17380 17049 24415
28299 6592 4784 25254
10685 27106 10544 10163
25273 3895 8974 485
1298 31906 3753 4331
18513 24353 2225 12780
32251 30805 9959 8504
30642 22215 11199 14333
336 25086 5076 29491
22416 13403 18353 25437
30314 12299 11385 31496
21188 26481 20739 7276
197 14762 31691 3531
13953 29290 12827 4246
3815 31182 17728 4007
7617 3231 11186 23947
28168 30122 30539 26290
28324 21437 24043 799
9193 15534 31241 4948
29695 4688 25068 28342
7540 20007 3798 17092
1065 16227 5497 23618
4809 27709 12463 14988
25596 16732 787 30696
9298 7019 16040 11957
1713 31182 17301 32123
12910 32358 24614 30959
15836 30495 7345 19790
31126 10045 11320 14000
6995 32557 26822 10676
4448 25687 7647 22990
32605 16494 13169 21570
26837 2170 3697 17604
18096 776 4379 12502
15358 22033 1578 24802
7060 18350 30236 14291
3279 28205 3212 29020
2967 2143 13643 28947
16482 967 3013 19961
13581 29673 26460 30536
15492 3060 21839 25909
32550 9012 15978 24132
19604 11219 13980 25962
21003 2798 16205 3846
32542 8419 15107 30854
25754 16764 29640 29431
25555 19446 13861 20211
18023 10629 40 17181
19264 24026 20478 25212
23192 20455 18526 21379
23982 28119 21597 12503
32013 32749 18645 13558
6075 6798 3086 8800
31695 22505 16055 26990
21039 8107 10547 22064
9381 31625 28545 15655
25841 9799 4215 11099
7962 29558 1652 19527
26987 32591 17793 13157
26889 25651 1848 32094
14904 29333 14563 30846
6305 1233 15492 12329
23109 28778 17249 17974
3622 752 4157 15501
3188 10630 12697 27359
32760 10741 13680 30735
22573 11471 19598 9493
7993 22675 20174 24812
22377 13496 16028 12227
14145 11134 31111 10136
2864 7893 24549 14659
24680 23777 26284 11060
32490 25354 25020 6021
19077 31317 8862 16092
28679 30239 4872 10826
5668 12404 17868 31413
13611 8931 6626 30709
11062 9893 9082 16982
14221 10928 16753 32689
16040 4972 16026 9340
24018 17427 26922 22292
6283 20575 6147 28444
13102 14149 11269 7388
14123 86 17880 9335
9940 22210 6362 13633
28345 16389 18443 24498
8684 16377 6290 18615
29066 12042 26501 3194
11346 27443 28597 25499
22418 13297 15593 5941
17144 22158 14003 21548
7035 11697 32424 26661
29950 28145 4597 2901
3337 26926 27782 23386
9092 26223 9411 11975
15902 19861 1453 18456
9388 14068 31734 2750
30510 6305 29790 29012
27789 19246 29679 21446
5571 16699 10963 11105
4455 10462 17542 25644
3336 12517 13016 939
649 8947 2141 5364
15440 11061 10616 16351
28758 21016 17512 11206
23781 21766 12666 22185
10386 4518 19034 59
19515 20410 27564 9552
22907 12957 4646 13327
162 15091 19775 8781
5892 15568 4659 23861
30080 15000 24122 27013
19007 2301 22220 30977
14933 14902 20044 5503
31383 25602 30804 22903
12730 21093 745 14232
29240 15120 17136 17785
4560 31899 17153 30764
11538 11164 18035 16386
29209 20211 29595 31689
22655 3655 23248 8733
16818 17687 31394 21009
3166 10362 1413 30298
3780 3368 19429 12454
6561 21945 7864 27070
21797 7058 8132 11400
13292 30043 20088 15498
18000 28177 15651 26257
18553 1547 19791 10558
22632 8069 28596 15850
3310 25493 19636 30968
1955 26565 28109 27771
4366 20491 857 2174
9065 18964 9480 25479
16003 11191 5768 15527
6595 29818 11005 23621
29418 26049 31427 8238
26055 8171 10355 11137
8802 1829 13412 12774
30447 25227 16370 26364
21158 9918 10967 18304
20328 19319 31734 5273
28453 2685 21315 23485
24562 11968 29424 29269
24380 641 27310 17859
7268 7255 6427 28805
27160 1368 30287 27466
26312 1188 25203 29734
28494 32643 30304 22435
16040 15315 9062 3017
20780 16441 7426 30888
4158 31871 13677 4041
30891 14196 19744 9166
23268 25760 191 1791
32242 15390 1667 8359
14366 18504 2409 19650
5336 11071 16628 29388
18735 27338 168 17819
23081 16983 4954 10645
14004 7766 24457 11554
20010 25193 25438 27988
18628 15638 822 25609
11742 2099 28123 29028
5594 19047 14032 5480
25436 18180 6260 29624
25060 29355 20646 29657
14858 26665 6387 3289
32761 20458 8282 2229
15851 12056 24337 25007
24549 18138 6383 8763
27846 28111 12840 32146
7940 17000 20513 17856
22051 12025 28851 6008
2016 4684 19876 26059
10718 18789 5701 10804
16505 1219 21411 29413
11200 31638 25742 24441
16052 14250 12881 27479
10309 21622 6476 30966
196 322 15365 7828
6974 12092 14960 6173
9202 26505 25825 8873
14903 30568 22595 15287
1010 16740 15407 26780
5849 8895 20402 16927
6319 11632 5725 28963
22650 15312 27073 14088
4754 21950 17418 31423
4847 16887 31540 12409
728 27102 30191 20258
18813 14884 9831 15751
2604 24055 15482 11254
13428 19220 11420 27759
28608 21404 13718 5381
9427 20610 1754 24653
5311 14718 9 20594
10366 7600 7515 374
7989 4554 29972 7048
14547 24416 10584 2448
29871 5161 5394 2444
22925 20723 14169 25814
22784 6475 6964 8286
4985 30947 667 19780
13643 27159 5192 14352
15267 2964 12881 26752
13270 16998 30294 18019
8412 20917 29080 14207
11746 4608 29855 13160
8811 8032 2886 18425
20658 31113 6285 29287
989 24972 22372 30610
10991 18055 24981 5190
10404 19510 11249 27186
4237 22123 9247 29478
23637 2584 26097 19782
20246 25334 6512 10602
31384 4674 25449 15907
11396 14468 30489 12785
23546 7140 13912 2184
18161 32164 21255 5099
18044 31637 31465 1109
28305 3581 27059 27548
2735 30950 31368 3329
21100 13044 17218 10920
8380 8062 12609 11569
1085 24909 18095 19467
5111 31490 20369 20037
19575 17201 328 21613
18493 12799 28010 127
15383 14089 12342 11366
28528 19063 19642 21032
27018 8854 22469 21335
7007 2326 16871 9984
522 6246 23106 16143
6813 30732 4910 14549
26590 24290 18569 12059
9565 349 1464 1766
26398 4704 3157 24060
23557 25110 18384 12864
2013 30190 4466 28565
17868 27 8929 7525
28435 649 10114 27045
22253 8080 16188 859
21171 2288 26168 8405
1423 3574 7160 24864
1127 16785 6877 20415
10153 28227 623 1002
10263 1507 4820 23645
1013 21105 2937 13864
1586 23111 5280 6574
12220 1316 7488 30038
870 19716 19374 8094
16236 23969 5483 15658
12097 4737 5148 15885
25663 770 32536 13064
26493 27299 2902 21442
8455 27131 31272 3659
3272 19335 17551 4334
32436 29737 27514 19955
6087 10041 12710 13319
22172 21976 28852 30814
1772 2219 17714 23144
5059 31585 11918 8997
22088 9033 6619 679
10787 1382 1206 21957
3176 10280 23216 5553
13278 13947 21876 14336
6292 10285 25577 25450
28609 4960 2029 31267
9368 10786 7984 7742
8488 785 2375 9920
6792 27464 26651 31176
23610 4573 30134 12717
2820 18427 25549 20184
1813 12203 7706 26994
31110 26984 20189 17344
4094 28035 13886 11042
30051 21448 1986 3778
31242 11402 14722 7137
2344 18048 32601 20627
25661 1755 12560 15581
27493 14962 8442 12060
28665 30969 17337 10345
10140 7332 32092 18952
23436 22715 26075 17169
11810 27923 31420 30872
24623 11854 2299 20955
7312 27900 9470 24100
6197 29555 1280 29836
9116 24422 16189 25116
17773 8718 19571 21101
31292 31628 22097 1547
25102 6774 25090 31889
13652 22628 9860 23217
15376 18532 20338 28998
15998 25125 7103 21526
6148 15741 1570 24504
19296 15299 547 26885
19660 3767 19996 8646
27870 31972 26919 12844
27383 4803 18966 10608
32619 2890 21981 16024
2967 1348 25584 8602
4792 32238 17610 26801
20077 25100 6364 15039
26261 30532 17285 3705
14825 12553 20675 17411
14882 18132 3867 18143
7152 26680 17769 3873
16326 2455 15446 28094
24059 5563 26608 25572
19071 1525 10057 12843
11976 24604 2552 32760
30741 22189 12170 10925
12 16254 4143 9343
7901 32609 23684 635
31822 9242 23992 25488
16271 22529 18931 9167
9311 2717 21502 1371
15100 4128 25345 32180
27190 9457 31159 25906
15433 6624 30093 13305
12422 16261 17797 13825
9850 9724 19266 27583
25192 15167 12160 10109
5357 3241 26517 2633
16238 32745 20687 24970
13019 25336 14761 15643
15499 21127 18632 26795
21748 2108 19582 5634
1338 22035 722 17368
6820 7553 9212 13222
1633 23362 21856 15121
25823 4006 24846 27178
31067 24358 29308 17212
11716 11552 8429 26463
6303 923 19573 21174
18106 890 31182 22507
15089 22716 16464 32493
8330 19107 7933 9823
24220 26512 16310 19789
10166 19385 31682 16165
20132 7874 26706 1102
18390 13069 7376 9244
12003 29170 30441 23979
3561 29024 5514 14887
199 13209 15848 28717
13191 8404 21813 10033
5637 18072 16087 7476
18168 17649 12764 31919
29745 28835 30795 12730
25160 6949 10968 2733
4909 7066 21966 30591
20135 24667 9234 9692
14782 28313 13160 30685
1509 32650 30778 26518
14388 30300 14289 7735
24466 1589 6695 8237
2163 30341 20086 18883
19899 12455 20931 32606
10401 29829 22251 30688
8261 16244 24309 20617
47 13472 6541 144
1310 31540 13385 12844
4906 20528 8676 16216
13498 22983 17177 21340
18875 10891 10997 30215
31281 10750 29471 5143
5450 22495 9203 25267
3149 14220 18717 19633
9293 16646 2951 21148
3027 20667 12537 26176
6372 16963 25304 27179
21343 2337 26563 17461
5166 30481 14786 6446
12153 28126 5784 26355
30924 16520 24471 29417
19281 13558 10347 3305
14956 17864 24194 21988
2132 32584 98 16131
30555 2374 27692 26155
10752 5380 14836 17040
9821 21726 29143 25833
1487 31004 18982 17050
10165 2483 23130 26652
11801 4914 28571 15208
20457 347 13775 26564
6274 14980 12612 7726
5179 14526 26343 22250
20799 5079 11616 6317
4080 30645 12148 5771
10977 9237 4011 23369
12066 1610 4778 830
31936 18674 6354 2868
12847 20324 12878 23081
23816 19036 5304 25697
7266 8421 23438 30293
19125 28326 3817 28163
1834 3121 3487 20673
27065 31239 27710 32166
7949 13986 22379 15248
4362 20563 1071 15525
31153 24572 22040 30592
2832 24395 26015 26740
12486 17724 9373 27414
32044 27768 28887 21474
10203 22679 9161 7115
13002 8668 30635 31850
10003 22742 2703 24831
5344 7840 10014 20196
29839 3458 27714 89
22693 22964 31184 26525
12201 15606 24118 21526
32075 23261 9043 8373
748 23940 3328 3412
12070 5963 22685 27267
27850 25056 23999 20948
30338 26131 31665 10061
18255 13962 23556 3130
19292 7078 20227 31922
11908 23748 23897 6068
22252 21302 6879 26574
5493 22350 19833 23069
22615 27990 21783 25049
6429 21542 8582 32474
22279 17693 9636 20426
28351 30637 2558 9102
28935 6172 22476 7437
31482 29436 7169 6168
22516 30238 22057 22930
10708 13782 316 11194
27635 13624 3759 6316
19689 160 10808 26643
30955 5264 15114 7625
141 20213 25848 29973
24420 13733 5991 29720
4229 18022 26826 13892
18849 32516 29906 4561
29080 16592 17314 16860
29448 19797 12136 23364
27888 11127 11130 4434
8017 1328 16917 29551
11955 31204 30174 30577
10758 11812 20217 16031
15475 10996 1311 28071
2445 9097 3037 4990
15597 5049 32453 19614
14706 7523 26832 26191
1997 22939 2716 15093
12660 28226 20467 25859
10360 32658 24375 20202
2501 7211 29798 25248
10181 5209 5558 27375
441 6875 21032 30917
21122 29052 4361 9039
8213 19432 1585 10529
17125 30694 20365 28875
14220 25123 29064 9244
24697 15878 12125 2579
31322 16045 22564 17772
15105 31546 9911 29790
28290 14341 26305 11369
12516 19036 1048 21349
14425 1336 12368 28142
25696 24469 27329 24951
2359 11198 18827 27446
17144 17014 25537 7039
22709 1514 21896 3232
29091 5670 6580 1208
19969 21524 10856 8955
16109 17813 28233 1557
20644 27442 12574 22668
23934 10535 25467 8789
10378 8038 845 27837
5092 25569 25152 27914
25933 25557 24256 4225
14491 23568 18894 7043
25682 30126 10433 14294
26044 23301 21382 9124
5635 19084 22701 21087
24353 3364 18000 20560
26389 10591 21537 28189
16913 3182 13388 4686
16177 15467 14246 3512
26463 4408 31585 22086
7265 13195 30107 9564
28725 15075 10248 13831
16535 13772 3119 5263
26718 30972 30130 1837
20964 2913 11182 14073
18600 14453 7754 6372
18760 10681 19672 31266
20925 27482 4176 9302
2649 29808 402 13173
19711 12737 11682 763
18899 22292 3532 29003
10502 27701 15441 3097
25900 13152 32016 13806
15922 17835 6554 29227
26808 12500 25817 30708
14089 28331 23853 28261
13680 20862 24482 1847
15903 26758 24679 18624
22341 6691 28697 11432
32691 28483 15550 5694
18068 13118 23679 16553
14965 2369 12363 9923
28113 19811 9419 10138
6270 1328 4806 13907
5581 18866 19214 7944
25803 354 28904 13805
24155 14930 6372 9583
16688 25398 2506 20595
26939 23919 15325 26789
26010 5159 4127 5523
9663 11102 24945 27471
7081 11323 2272 13758
1881 3933 9353 13125
10123 6467 7835 25589
27566 6217 5226 15160
31417 18671 23980 23727
7477 14326 31090 20481
1303 25887 23741 6427
29414 31721 3053 9865
3108 12882 22057 23432
28763 29354 1527 16380
18528 17339 10873 8359
23906 29555 11374 27631
20868 27477 20127 11245
2535 11295 21821 11542
14621 20820 32030 22996
28037 20226 6291 31152
16594 13123 9713 726
26967 24729 6913 7237
31144 1814 23051 13604
22431 10113 13448 26498
18468 25602 25323 28441
28127 24544 10474 16236
19527 26257 20908 2957
2728 18515 20479 5486
30489 5809 24877 32687
22359 8685 21148 10518
27836 20122 31758 10665
10338 30981 15330 29470
14772 29698 22449 21477
25610 2149 24227 21116
23670 24499 8718 23234
4427 24725 31056 4039
110 19995 2417 26137
10565 6875 15590 10388
14183 31288 7013 9995
26960 1544 11166 10944
15009 11896 1441 5154
26794 30785 2739 29606
17149 29221 2136 22984
3427 27391 16013 17462
22613 27543 17961 17732
4075 10114 24998 248
16912 15268 17814 11527
21423 15013 15439 6361
24985 9039 21473 4881
29110 6630 27883 28781
6702 20250 16139 28408
406 8647 10152 4563
25043 26748 24518 17939
11307 26895 27058 19861
3497 30127 15103 28537
4042 6182 28727 24386
29540 12706 11784 11005
22922 6364 8495 7214
12949 22723 31415 1701
29444 11832 8050 31485
11381 21333 32112 235
19012 21389 23862 1832
2436 25925 14754 21894
21752 30590 9624 13548
9386 19753 30158 12579
6027 10102 23732 24205
11129 16070 21707 30068
6686 13574 11365 17135
4818 19287 18625 5662
7449 25417 25065 4925
8971 26822 24634 6927
11769 23772 2990 2218
31249 9600 1457 13584
18032 28452 21534 5700
23810 19542 11728 14752
14831 124 27805 16617
6644 28160 29993 23780
4650 9551 2183 2944
6125 26439 4916 26431
726 18610 19525 26593
3483 23920 8856 24728
19934 26580 11161 32611
20519 18278 8162 23771
19240 14932 29610 23615
14456 26720 10239 27333
26774 24089 19360 31097
7144 19379 28893 31291
25376 21350 20770 13670
26500 10543 32060 524
25064 18134 17838 18962
26197 23529 14314 28436
15520 17279 19659 16614
24735 27605 29762 20208
2357 31659 20462 13165
20796 28912 23976 22941
3580 19307 32097 5144
25744 17523 27565 22064
1086 3679 10020 17103
12018 20520 12335 3334
1381 12811 29777 1131
19252 22628 7192 6206
4963 25218 23276 27314
1181 28123 26771 3671
7602 15481 22429 1952
12256 15272 12403 23872
17811 22555 2823 2640
4507 23410 9869 7371
1079 25352 17089 4482
575 5892 3600 21896
29315 3023 26512 18606
12887 10 11300 11951
1766 27914 26049 7701
8973 14379 8291 22570
27550 2025 27058 13126
21670 6961 12817 11065
26778 23034 17416 2031
32658 28056 14642 17168
25125 6054 8938 16221
7386 14143 17952 1155
28626 21512 4012 30342
4711 15370 24910 1050
29911 26446 28943 16889
18392 26500 11895 10291
26595 10149 25216 22225
18050 3125 9483 6654
10068 10398 17880 27182
9939 26364 15428 15906
19680 13020 17522 19773
29414 31635 918 5678
14649 30019 10545 31298
15011 10863 30293 874
18381 5103 24582 11320
9175 2192 25172 13074
8018 32137 17870 1180
12489 28796 4744 17826
12562 9030 2576 24389
17016 22790 9548 11903
17955 15289 29455 808
14238 32658 1856 4247
18882 26104 11590 26788
10081 31156 6966 1079
17153 4158 22250 16849
2571 25091 19818 29844
10055 24331 20411 4340
6790 1308 4679 295
17528 22159 1745 8541
32595 14504 16926 28036
8524 12641 6260 7149
9731 20534 15415 19125
26813 1426 25823 662
25184 8100 2217 17174
3425 5163 10465 22479
23962 23183 1366 29556
27727 20099 10533 19055
19092 23384 31831 16748
11791 29955 7313 8493
4742 8570 30923 310
12280 27556 25304 23903
4081 14998 3164 29447
24087 29105 9031 16575
24067 7726 3701 12813
8207 15673 9737 9608
7745 29341 11119 9832
8135 25545 15784 1403
754 1669 17509 22429
17086 26657 96 22896
30196 32179 30549 30464
13086 5551 10568 20301
32208 7762 23106 23561
22131 10178 22531 21982
25167 13523 12153 21560
13583 1351 4076 2116
24077 13580 20154 12710
12240 9738 27494 11122
19287 29255 4949 18242
29699 29536 18699 5867
13217 7510 11880 24683
16228 30898 411 27247
10046 27660 16023 11868
11317 20180 17345 20661
10754 9279 19469 6992
20871 6222 14905 5916
14540 2195 1143 8646
30922 21954 25941 23084
11930 13689 18051 27867
21646 24174 16254 3345
2328 18120 4410 9303
27438 20164 10942 14452
31072 13814 25664 14567
23787 31621 6082 23281
3040 21454 5891 31936
14161 17152 22960 17226
16880 12066 28189 24392
68 12156 9769 1699
24897 11464 5245 14725
21258 21348 29303 27300
19482 31686 13399 30636
31279 15727 22133 7557
2822 27265 18012 24059
7936 26202 20999 427
6849 3844 21257 7269
19701 28067 5274 18954
25184 7621 31473 25774
31789 11471 21192 21808
18854 24377 7579 12111
594 28745 20874 18179
16829 32542 18615 4601
9765 26145 8894 9302
9766 2729 1965 30905
29242 16585 27676 17012
1704 13375 9517 22591
19951 7256 1035 9007
6088 853 24948 9615
23648 15960 9891 16536
31108 21465 26660 6171
13505 29609 4292 28117
15992 25458 636 18223
6736 6802 1331 23477
356 31936 23000 31893
20909 29573 11075 26102
8289 26766 31219 18404
22847 24154 32128 28758
23439 18564 26616 31768
10310 18050 8148 19285
16021 14049 3160 2630
8041 17945 16514 11989
24809 29152 22434 21761
23036 19845 3187 26368
24648 20287 26097 14816
21354 32351 11673 11519
8226 7135 30118 8820
29139 22636 15442 13375
9791 1319 27516 19698
16195 29633 12531 12278
18698 20013 30094 23080
30863 12881 32535 27694
30474 13182 16929 7349
19285 21120 30347 18110
28819 25859 10882 30773
29882 29060 10591 7862
24223 20249 1228 4208
11906 29051 22605 20749
17800 30893 25424 18605
4941 14204 21940 17991
26011 20331 5393 9524
31260 29954 27022 3012
6897 28820 12138 5563
25192 22669 20992 9758
14148 24157 22256 13685
11852 16219 219 16344
14506 16232 29234 18054
12512 25924 25780 852
6560 1114 26872 8933
29194 4292 27864 1798
8562 23189 10262 24567
30005 1236 9464 8948
19942 19536 9942 20288
9707 3703 12635 22215
17559 5897 24754 29914
6033 14121 8173 7124
2394 11666 20516 11243
26055 8054 10970 25685
4069 3734 18478 30719
12021 351 9163 30396
25946 12533 18672 5901
2525 17873 15011 10597
12722 23211 15798 4697
15418 16815 20264 31367
18251 10612 2966 14376
21611 17787 18099 7397
5048 18303 36 30315
6834 12666 23796 12264
11118 29613 25561 21602
2066 3658 8944 18692
25837 2510 28478 3860
6541 3956 2822 17184
10662 29866 17698 27872
7572 28749 24656 22701
19980 9476 13805 30561
8834 7058 12214 1143
12306 8224 21927 21179
11747 11455 27477 10096
25190 19582 2602 19874
20955 15867 18266 516
30406 23130 23708 10038
26243 18625 9707 31878
30750 1751 15989 30049
27961 15891 24694 8854
23060 27712 28970 8505
17804 184 14870 31909
15838 31450 5905 6312
17202 4349 1329 22944
18547 3681 2129 2687
11464 2129 13001 26204
16746 9997 22871 1622
14403 20869 11500 25815
2964 9091 7014 19029
16528 24766 6847 4111
24028 19784 13479 23979
8006 18585 18485 10478
12946 6055 26669 9201
9456 13731 4594 10201
20724 23618 1131 15145
8009 31322 11999 13661
11704 11071 16187 25670
22486 13589 5841 5012
27350 18017 14440 19261
6138 11805 10385 30250
23269 7018 2311 20347
15629 18855 12016 7184
29737 21093 9744 3123
2722 16206 10660 26889
30629 11023 1125 10242
14419 21666 4076 20822
28185 26103 17533 3159
24463 19846 9578 3965
23057 18231 31269 18742
4740 10899 15091 23022
8956 20709 2243 29814
10275 13393 17280 8849
5474 31108 27613 1227
18321 5672 13101 675
20041 7636 28520 15647
28441 21458 3567 26321
9791 32241 25155 7956
6989 32120 28713 21412
24401 22171 4245 16036
4719 14503 2415 30192
2903 4152 2939 20696
10631 24429 5328 30174
24141 12699 14579 25949
22787 22658 24606 30473
29929 31339 9600 11103
2520 29127 17510 5375
3433 8612 13560 13530
32400 16375 10853 25528
29572 3562 80 17309
9348 30743 16233 12585
11752 31273 8034 28556
23123 6211 2483 32626
12930 29950 1542 5806
2781 19410 437 13360
20291 16594 13322 12115
12186 24100 5966 4041
23838 24558 6205 824
418 24630 4513 7810
9663 20020 19439 24465
13058 23853 23532 8365
17739 20140 13985 17524
14910 17183 12469 24539
18887 12980 27551 19387
6458 12848 6310 20314
11993 11544 10363 14031
3602 30135 17166 28576
1569 32228 17342 11152
14921 16430 18958 2198
14222 30538 9344 27765
8340 4358 25079 14992
25095 18773 8011 13096
10675 23958 22114 23103
28368 17273 31795 11022
12747 7625 8112 6748
8816 4481 24552 10731
15421 1933 22913 19964
7004 14518 15436 19570
21648 26552 7332 25856
7767 5629 20160 18362
17411 15420 8406 28402
28979 29439 24663 4843
610 9945 6266 9560
18156 14339 20740 28430
1049 10195 5961 31002
16163 13634 7421 18773
6378 16513 3928 4254
31050 30639 6276 5207
27925 11227 15754 18036
32713 32165 23542 31016
17292 9504 3700 8976
10276 28413 14173 18434
12713 1996 27666 11355
10087 6717 16166 31794
25876 6928 22601 20269
